4294967294,0
4294967278,132
4294967278,131
4294967278,130
4294967278,129
4294967278,128
4294967278,127
4294967278,126
4294967278,125
4294967278,124
4294967278,123
4294967278,122
4294967278,121
4294967278,115
4294967278,109
4294967278,108
4294967278,107
4294967278,106
4294967278,100
4294967278,96
4294967278,92
4294967278,89
4294967278,87
4294967278,84
4294967278,83
4294967278,80
4294967279,82
4294967279,81
4294967279,80
4294967279,79
4294967279,78
4294967279,77
4294967279,76
4294967279,75
4294967279,74
4294967279,73
4294967279,72
4294967279,71
4294967279,70
4294967279,69
4294967279,68
4294967279,67
4294967279,66
4294967279,65
4294967279,64
4294967279,63
4294967279,62
4294967279,61
4294967279,60
4294967279,59
4294967279,58
4294967279,57
4294967279,56
4294967279,55
4294967279,54
4294967279,53
4294967279,52
4294967279,51
4294967279,50
4294967279,49
4294967279,48
4294967279,47
4294967279,46
4294967279,45
4294967279,44
4294967279,43
4294967279,42
4294967279,41
4294967279,40
4294967279,39
4294967279,38
4294967279,37
4294967279,36
4294967279,35
4294967279,34
4294967279,33
4294967279,32
4294967279,31
4294967279,30
4294967279,29
4294967279,28
4294967279,27
4294967279,26
4294967279,25
4294967279,24
4294967279,23
4294967279,22
4294967279,21
4294967279,20
4294967279,19
4294967279,18
4294967279,17
4294967279,16
4294967279,15
4294967279,14
4294967279,13
4294967279,12
4294967279,11
4294967279,10
4294967279,9
4294967279,8
4294967279,7
4294967279,6
4294967279,5
4294967279,4
4243767290,0
4243767289,0
4294967294,397
4294967294,418
4294967294,449
4294967294,450
4294967294,414
4294967294,391
4294967294,386
4294967294,191
4294967294,410
4294967294,405
4294967294,411
4294967294,402
4294967294,400
4294967294,403
4294967294,416
4294967294,420
4294967294,412
4243767289,3
4243767289,2
4294967294,401
4294967294,948
4294967294,947
4294967294,945
4294967294,944
4294967294,939
4294967294,928
4294967294,902
4294967294,900
4294967294,899
4294967294,898
4294967294,897
4294967294,60
4294967294,55
4294967294,57
4294967294,61
4294967294,50
4294967294,120
4294967294,448
4294967294,398
4294967294,404
4294967294,406
4294967294,451
4294967294,535
4294967294,415
4294967294,422
4294967294,468
4294967294,119
4294967294,161
4294967294,116
4294967294,467
4294967294,973
4294967294,394
4294967294,88
4294967294,112
4294967294,1
4294967294,46
4294967294,17
4294967294,36
4294967294,39
4294967294,41
4294967294,115
4294967294,388
4294967294,52
4294967294,165
4294967294,167
4294967294,30
4294967294,164
4294967294,166
4294967294,24
4294967294,189
4294967294,80
4294967294,174
4294967294,184
4294967294,25
4294967294,180
4294967294,183
4294967294,429
4294967294,104
4294967294,106
4294967294,466
4294967294,957
4294967294,26
4294967294,185
4294967294,176
4294967294,170
4294967294,190
4294967294,83
4294967294,68
4294967294,67
4294967294,11
4243767290,3
4243767290,2
4294967294,20
4294967294,18
4294967294,12
4294967279,322
4294967278,319
4294967279,321
4294967278,318
4294967278,317
4294967294,430
10,5
8,5
10,4
10,3
10,2
10,1
9,4
9,3
9,2
9,1
8,4
8,3
8,2
8,1
4294967279,320
4294967294,472
4294967278,316
4294967293,131
4294967293,130
4294967293,129
4294967293,128
4294967293,127
4294967293,126
4294967293,125
4294967293,124
4294967293,123
4294967293,122
4294967293,121
4294967293,120
4294967293,119
4294967293,118
4294967293,117
4294967293,116
4294967293,115
4294967293,114
4294967293,113
4294967293,112
4294967293,111
4294967293,110
4294967293,109
4294967293,108
4294967293,107
4294967293,106
4294967293,105
4294967293,104
4294967293,103
4294967293,102
4294967293,101
4294967293,100
4294967293,99
4294967293,98
4294967293,97
4294967293,96
4294967293,95
4294967293,94
4294967293,93
4294967293,92
4294967293,91
4294967293,90
4294967293,89
4294967293,88
4294967293,87
4294967293,86
4294967293,85
4294967293,84
4294967293,83
4294967293,82
4294967293,81
4294967293,80
4294967293,79
4294967293,78
4294967293,77
4294967293,76
4294967293,75
4294967293,74
4294967293,73
4294967293,72
4294967293,71
4294967293,70
4294967293,69
4294967293,68
4294967293,67
4294967293,66
